Time,Open,High,Low,Close,Volume
2024-01-10 09:15,38.15,45.10,32.85,37.00,0.00
2024-01-10 09:20,37.00,39.45,31.85,34.10,0.00
2024-01-10 09:25,34.10,35.40,22.85,23.00,0.00
2024-01-10 09:30,23.00,70.00,22.50,67.10,0.00
2024-01-10 09:35,67.10,77.45,43.45,60.80,0.00
2024-01-10 09:40,60.80,86.40,52.85,85.70,0.00
2024-01-10 09:45,85.70,88.00,44.80,54.80,0.00
2024-01-10 09:50,54.80,73.55,51.05,65.05,0.00
2024-01-10 09:55,65.05,74.00,50.25,68.35,0.00
2024-01-10 10:00,68.35,68.35,55.05,56.15,0.00
2024-01-10 10:05,56.15,65.25,47.75,57.60,0.00
2024-01-10 10:10,57.60,80.00,56.35,77.20,0.00
2024-01-10 10:15,77.20,110.00,74.25,94.10,0.00
2024-01-10 10:20,94.10,96.95,57.25,60.70,0.00
2024-01-10 10:25,60.70,62.25,47.00,57.10,0.00
2024-01-10 10:30,57.10,77.00,55.90,67.80,0.00
2024-01-10 10:35,67.80,72.95,62.15,68.55,0.00
2024-01-10 10:40,68.55,69.50,47.80,49.35,0.00
2024-01-10 10:45,49.35,54.20,35.35,40.20,0.00
2024-01-10 10:50,40.20,45.00,34.95,37.65,0.00
2024-01-10 10:55,37.65,44.55,31.10,35.05,0.00
2024-01-10 11:00,35.05,44.15,30.80,38.30,0.00
2024-01-10 11:05,38.30,39.15,28.50,32.05,0.00
2024-01-10 11:10,32.05,45.05,29.65,42.70,0.00
2024-01-10 11:15,42.85,48.65,35.20,39.10,0.00
2024-01-10 11:20,39.10,45.00,37.80,42.70,0.00
2024-01-10 11:25,42.70,52.20,35.80,38.65,0.00
2024-01-10 11:30,38.65,42.80,31.65,32.20,0.00
2024-01-10 11:35,31.10,51.20,30.35,48.25,0.00
2024-01-10 11:40,48.25,70.00,45.40,47.40,0.00
2024-01-10 11:45,46.85,54.10,38.35,43.95,0.00
2024-01-10 11:50,43.45,49.20,38.45,42.10,0.00
2024-01-10 11:55,42.10,44.75,36.30,41.10,0.00
2024-01-10 12:00,41.10,43.75,31.15,31.25,0.00
2024-01-10 12:05,31.25,32.60,20.70,27.65,0.00
2024-01-10 12:10,27.15,32.80,24.60,27.65,0.00
2024-01-10 12:15,27.65,28.85,24.10,25.35,0.00
2024-01-10 12:20,25.35,28.40,22.40,24.00,0.00
2024-01-10 12:25,24.00,29.15,22.80,28.30,0.00
2024-01-10 12:30,28.30,37.30,24.50,33.60,0.00
2024-01-10 12:35,33.15,36.35,27.60,33.20,0.00
2024-01-10 12:40,33.20,34.40,19.80,20.55,0.00
2024-01-10 12:45,20.55,30.70,9.25,17.50,0.00
2024-01-10 12:50,17.25,17.85,13.35,16.20,0.00
2024-01-10 12:55,16.20,17.15,12.90,15.05,0.00
2024-01-10 13:00,15.05,16.90,13.65,14.85,0.00
2024-01-10 13:05,15.00,21.45,14.00,16.00,0.00
2024-01-10 13:10,16.00,24.55,14.70,21.00,0.00
2024-01-10 13:15,20.95,25.75,15.30,18.70,0.00
2024-01-10 13:20,18.70,19.85,14.45,17.90,0.00
2024-01-10 13:25,17.90,20.20,15.45,18.35,0.00
2024-01-10 13:30,18.00,25.10,14.15,14.70,0.00
2024-01-10 13:35,14.70,16.80,12.55,14.65,0.00
2024-01-10 13:40,15.05,18.80,12.05,18.20,0.00
2024-01-10 13:45,18.20,18.50,10.95,13.00,0.00
2024-01-10 13:50,12.95,16.85,12.45,16.80,0.00
2024-01-10 13:55,16.40,46.80,15.90,41.90,0.00
2024-01-10 14:00,41.75,71.30,21.95,23.25,0.00
2024-01-10 14:05,23.15,29.25,18.80,27.05,0.00
2024-01-10 14:10,27.65,37.70,22.85,33.05,0.00
2024-01-10 14:15,33.05,45.45,26.65,34.80,0.00
2024-01-10 14:20,34.55,38.15,12.40,13.25,0.00
2024-01-10 14:25,13.30,14.65,10.30,13.35,0.00
2024-01-10 14:30,13.35,23.30,11.85,18.60,0.00
2024-01-10 14:35,18.60,42.00,17.30,30.40,0.00
2024-01-10 14:40,30.40,49.00,13.15,18.70,0.00
2024-01-10 14:45,18.70,19.00,7.20,9.65,0.00
2024-01-10 14:50,9.90,22.05,9.80,20.20,0.00
2024-01-10 14:55,20.20,22.15,10.15,10.50,0.00
2024-01-10 15:00,10.50,23.70,8.60,23.55,0.00
2024-01-10 15:05,24.10,24.45,1.00,1.55,0.00
2024-01-10 15:10,1.55,1.70,0.35,0.45,0.00
2024-01-10 15:15,0.40,1.30,0.20,0.30,0.00
2024-01-10 15:20,0.35,0.45,0.05,0.05,0.00
2024-01-10 15:25,0.10,0.10,0.05,0.05,0.00
