Time,Open,High,Low,Close,Volume
2024-01-10 09:15,312.00,370.20,311.55,334.15,0.00
2024-01-10 09:20,334.15,363.35,322.60,342.60,0.00
2024-01-10 09:25,342.60,406.95,335.80,401.00,0.00
2024-01-10 09:30,401.00,413.00,239.10,240.10,0.00
2024-01-10 09:35,240.10,311.95,222.10,251.40,0.00
2024-01-10 09:40,251.40,267.20,191.95,192.55,0.00
2024-01-10 09:45,192.55,273.00,188.60,228.85,0.00
2024-01-10 09:50,228.85,239.00,184.00,200.45,0.00
2024-01-10 09:55,200.45,234.95,165.00,183.85,0.00
2024-01-10 10:00,183.85,206.40,181.90,200.75,0.00
2024-01-10 10:05,200.75,219.75,176.15,192.50,0.00
2024-01-10 10:10,192.50,195.70,148.75,155.20,0.00
2024-01-10 10:15,155.20,161.05,116.50,126.65,0.00
2024-01-10 10:20,126.65,169.75,121.10,161.20,0.00
2024-01-10 10:25,161.20,192.00,151.50,155.30,0.00
2024-01-10 10:30,155.30,157.65,123.25,134.35,0.00
2024-01-10 10:35,134.35,143.40,126.80,132.25,0.00
2024-01-10 10:40,132.25,170.45,129.70,165.70,0.00
2024-01-10 10:45,165.70,195.35,152.70,176.60,0.00
2024-01-10 10:50,176.60,192.30,162.00,177.95,0.00
2024-01-10 10:55,177.95,201.70,160.60,184.20,0.00
2024-01-10 11:00,184.20,197.10,154.60,170.05,0.00
2024-01-10 11:05,170.05,203.50,166.35,184.15,0.00
2024-01-10 11:10,183.75,194.40,141.65,146.80,0.00
2024-01-10 11:15,145.05,159.10,125.75,147.30,0.00
2024-01-10 11:20,147.30,150.50,131.25,136.00,0.00
2024-01-10 11:25,136.00,142.45,115.55,136.00,0.00
2024-01-10 11:30,136.00,155.85,126.50,154.50,0.00
2024-01-10 11:35,154.50,159.35,107.85,112.95,0.00
2024-01-10 11:40,112.95,123.70,93.20,121.45,0.00
2024-01-10 11:45,121.45,134.95,110.10,122.70,0.00
2024-01-10 11:50,122.70,131.95,111.20,123.70,0.00
2024-01-10 11:55,123.70,137.35,117.65,125.25,0.00
2024-01-10 12:00,125.25,144.95,116.65,143.45,0.00
2024-01-10 12:05,143.45,188.70,140.80,157.30,0.00
2024-01-10 12:10,157.30,165.20,134.40,147.00,0.00
2024-01-10 12:15,147.00,165.40,146.00,159.60,0.00
2024-01-10 12:20,159.60,173.20,144.85,160.30,0.00
2024-01-10 12:25,160.30,165.00,137.85,141.45,0.00
2024-01-10 12:30,140.75,152.45,113.40,122.40,0.00
2024-01-10 12:35,122.75,132.55,116.00,124.60,0.00
2024-01-10 12:40,124.60,167.90,122.30,164.85,0.00
2024-01-10 12:45,164.85,296.25,118.80,175.00,0.00
2024-01-10 12:50,175.00,211.10,171.55,181.65,0.00
2024-01-10 12:55,181.65,202.15,179.15,188.55,0.00
2024-01-10 13:00,188.55,199.00,173.70,188.25,0.00
2024-01-10 13:05,188.25,192.65,154.00,177.40,0.00
2024-01-10 13:10,177.40,184.50,141.10,151.15,0.00
2024-01-10 13:15,151.15,176.20,135.65,155.90,0.00
2024-01-10 13:20,155.90,175.35,150.75,157.30,0.00
2024-01-10 13:25,157.30,166.45,143.20,150.35,0.00
2024-01-10 13:30,151.30,166.95,130.45,163.15,0.00
2024-01-10 13:35,163.15,181.85,153.90,167.20,0.00
2024-01-10 13:40,167.20,191.70,144.75,146.50,0.00
2024-01-10 13:45,146.50,188.00,144.30,170.15,0.00
2024-01-10 13:50,170.15,176.05,148.00,151.20,0.00
2024-01-10 13:55,151.20,154.80,91.00,98.55,0.00
2024-01-10 14:00,97.75,123.95,68.80,122.35,0.00
2024-01-10 14:05,122.35,130.25,98.25,104.00,0.00
2024-01-10 14:10,104.00,113.30,84.30,90.30,0.00
2024-01-10 14:15,90.30,103.35,72.65,85.35,0.00
2024-01-10 14:20,85.35,122.55,78.80,112.40,0.00
2024-01-10 14:25,113.40,130.70,100.95,109.70,0.00
2024-01-10 14:30,109.70,114.90,79.75,86.85,0.00
2024-01-10 14:35,86.85,90.20,53.00,64.35,0.00
2024-01-10 14:40,64.35,78.50,46.30,63.25,0.00
2024-01-10 14:45,63.25,88.60,62.30,76.60,0.00
2024-01-10 14:50,75.75,77.50,43.70,47.15,0.00
2024-01-10 14:55,47.25,64.00,39.60,59.40,0.00
2024-01-10 15:00,59.40,63.90,11.00,11.45,0.00
2024-01-10 15:05,10.95,103.90,10.40,63.70,0.00
2024-01-10 15:10,63.70,74.35,51.85,60.70,0.00
2024-01-10 15:15,60.70,60.70,38.75,44.20,0.00
2024-01-10 15:20,43.45,47.50,38.50,42.35,0.00
2024-01-10 15:25,42.35,42.65,36.60,38.80,0.00
